79 108 115 115 118  98 122 108 121 122 !

65 111 112 122  112 122  97 111 108  73 90 80 65  q-q 100 111 118  106 121 108 104 97 108 107  97 111 108  119 121 118 110 121 104 116 . 68 108 
106 121 108 104 97 108 107  104  105 104 122 112 106  106 118 117 122 118 115 108 -105 104 122 108 107  119 121 118 110 121 104 116  104 122  119 104 121 97  118 109 
118 98 121  109 112 117 104 115  119 121 118 113 108 106 97  112 117  74 118 116 119 98 97 108 121  87 121 118 110 121 104 116 116 112 117 110  r. 65 111 112 122 
87 121 118 110 121 104 116  112 122  119 121 112 116 104 121 112 115 102  107 108 107 112 106 104 97 108 107  97 118  97 111 108  84 104 110 108 115 115 104 117 '122 
76 101 119 108 107 112 97 112 118 117  100 111 112 106 111  122 111 104 119 108 107  97 111 108  87 111 112 115 112 119 119 112 117 108 122 . 65 111 108 
119 121 118 110 121 104 116  112 122  116 104 112 117 115 102  106 118 116 119 118 122 108 107  118 109  109 112 115 108 122  100 111 112 106 111  106 104 117  105 108 
118 119 108 117  105 102  97 111 108  111 108 115 119  118 109  109 112 115 108  111 104 117 107 115 112 117 110 , 104 115 122 118  100 108  119 98 97 
121 108 122 97 121 112 106 97 112 118 117 122  97 118  104 99 118 112 107  108 121 121 118 121 122  105 102  97 111 108  111 108 115 119  118 109  108 121 121 118 121 
111 104 117 107 115 112 117 110 . 68 108  104 115 122 118  112 117 106 115 98 107 108  104  s 121 104 117 107 118 116  120 98 112 103  106 118 116 119 118 122 97 
118 109  u 107 112 109 109 108 121 108 117 97  120 98 108 122 97 112 118 117 122  97 118  97 108 122 97  112 109  97 111 108  98 122 108 121 
121 108 116 108 105 108 121 122  97 111 108  97 118 119 112 106 122  111 108 /122 111 108  121 108 104 107 . 86 99 108 121 104 115 115  97 118  110 118 104 115 
118 109  97 111 108  119 121 118 110 121 104 116  112 122  97 118  110 112 99 108  122 111 118 121 97  102 108 97  116 108 104 117 112 117 110 109 98 115 
112 117 109 118 121 116 104 97 112 118 117  121 108 110 104 121 107 112 117 110  84 104 110 108 115 115 104 117 '122  76 101 119 108 107 112 97 112 118 117 . 68 108 
111 118 119 108  102 118 98  108 117 113 118 102  98 122 112 117 110  118 98 121  106 118 117 122 118 115 108 -105 104 122 108 107  119 121 118 110 121 104 116 .